#' @title Pal 16
#' @description Palette of colors to use for 16 classes or less
#' @export
pal16 <- c("#1f77b4","#ff7f0e","#2ca02c","#d62728","#9467bd","#8c564b","#e377c2","#7f7f7f","#bcbd22","#17becf","#c5b0d5","#c49c94","#f7b6d2","#c7c7c7","#dbdb8d","#9edae5")

#' @title Pal 21
#' @description Palette of colors to use for 21 classes or less
#' @export
pal21 <- c("#0e4897","#17813f","#1d99b4","#1f9ee8","#25ca7a","#471c7c","#68c7ed","#6d4e98","#73af38","#7f1273","#9e1653","#ab0077","#b01426","#b1b2b4","#c1d430","#cc0b24","#e10064","#e12653","#e34e9d","#e46b07","#fbee29","#fcc125")



